00600004000000000000000040760000000000991680005000000000020825
00600004000000000000000040770000000000198340005000000000004165
00600004000000000000000040780000000000842930005000000000017702
00600004000000000000000040790000000000814000005000000000017094
00600004000000000000000040800000000002396560005000000000050328
00600004000000000000000040810000000000330560005000000000006942
00600004000000000000000040820000000002313920005000000000048592
00600004000000000000000040830000000000351220005000000000007376
00300003000000000000000003330000000001730350005000000000036337
00100004000000000000000003370000000006338490005000000000133108
00800003000000000000000002000000000001065160005000000000022368
00600004000000000000000040840000000000380140005000000000007983
00600004000000000000000040850000000000347090005000000000007289
00600004000000000000000040860000000001206540005000000000025337
00600004000000000000000040870000000000644590005000000000013536
00600004000000000000000040880000000000388410005000000000008157
00600004000000000000000040890000000000582610005000000000012235
00600003000000000000000013740000000004333650005000000000091006
00600003000000000000000013750000000003055340005000000000064163
00600003000000000000000013760000000006652200005000000000139696
00100004000000000000000003380000000000280980005000000000005901
00100003000000000000000031360000000004165500005000000000087475
00100003000000000000000031370000000000394030005000000000008274
00100003000000000000000031380000000001238740005000000000026014
00100003000000000000000031390000000001763190005000000000037027
00100003000000000000000031400000000002219600005000000000046612
00600003000000000000000013770000000001736220005000000000036461
00800003000000000000000002010000000001736220005000000000036461
00100003000000000000000031410000000002121670005000000000044555
00600004000000000000000040900000000002842820005000000000059699
00600004000000000000000040910000000002479200005000000000052063
00600004000000000000000040920000000004751800005000000000099788
00600004000000000000000040930000000000231390005000000000004859
00600004000000000000000040940000000001074320005000000000022561
00600003000000000000000013780000000007200000005000000000151200
00600004000000000000000040950000000003041150005000000000063864
00100003000000000000000031420000000006519790005000000000136915
00100003000000000000000031430000000000249780005000000000005245
00100003000000000000000031440000000001557480005000000000032707
00600004000000000000000040960000000000264440005000000000005553
00800003000000000000000002020000000001894500005000000000039785
00100003000000000000000031450000000004625700005000000000097141
00100003000000000000000031460000000001441460005000000000030271
00600004000000000000000040970000000000413200005000000000008677
00600004000000000000000040980000000000997460005000000000020947
00600004000000000000000040990000000000537160005000000000011280
00600004000000000000000041000000000000537160005000000000011280
00600004000000000000000041010000000000256180005000000000005380
00100003000000000000000031470000000006935040005000000000145637
00100003000000000000000031480000000001671070005000000000035092
00100003000000000000000031490000000001121600005000000000023554
00100003000000000000000031500000000002078000005000000000043638
00600003000000000000000013790000000001458510005000000000030629
00600004000000000000000041020000000000181810005000000000003818
00600004000000000000000041030000000001097460005000000000023047
00100003000000000000000031510000000006617710005000000000138971
00600003000000000000000013800000000000523380005000000000010991
00100003000000000000000031520000000002531560005000000000053163
00100003000000000000000031530000000000458060005000000000009619
00600004000000000000000041040000000004038620005000000000084811
00100003000000000000000031540000000000898600005000000000018871
00100004000000000000000003390000000001074320005000000000022561
00600003000000000000000013810000000001987090005000000000041729
00600003000000000000000013820000000000779400005000000000016367
00600004000000000000000041050000000001446200005000000000030370
00100004000000000000000003400000000007437600005000000000156190
00600004000000000000000041060000000000264450005000000000005553
00100003000000000000000031550000000002218450005000000000046589
00600003000000000000000013830000000001439600005000000000030231
00100003000000000000000031560000000001091800005000000000022928
00600004000000000000000041070000000000826400005000000000017354
00600004000000000000000041080000000001239600005000000000026032
00600003000000000000000013840000000001103240005000000000023168
00600004000000000000000041090000000000371880005000000000007809
00600003000000000000000013850000000000704190005000000000014788
00600003000000000000000013860000000002025240005000000000042529
00600003000000000000000013870000000001351210005000000000028376
00600003000000000000000013880000000008282100005000000000173925
00100003000000000000000031570000000000700000005000000000014700
00100003000000000000000031580000000011892100005000000000249735
00300003000000000000000003340000000000350000005000000000007350
00100003000000000000000031590000000004927550005000000000103478
00100004000000000000000003410000000000454520005000000000009545
00600004000000000000000041100000000000516500005000000000010847
00600004000000000000000041110000000000206600005000000000004339
00600004000000000000000041120000000000826400005000000000017354
00600004000000000000000041130000000000578480005000000000012148
00100003000000000000000031600000000000483000005000000000010143
00100003000000000000000031610000000025580700005000000000537191
00300003000000000000000003350000000001511250005000000000031736
00600004000000000000000041140000000001673460005000000000035143
00600004000000000000000041150000000000123960005000000000002603
00600004000000000000000041160000000007024400005000000000147512
00100004000000000000000003420000000000347090005000000000007289
00600004000000000000000041170000000002809760005000000000059005
00100003000000000000000031620000000014136900005000000000296875
00100003000000000000000031630000000003016830005000000000063353
00600003000000000000000013890000000008024300005000000000168511
00100003000000000000000031640000000000398010005000000000008358
00600004000000000000000041180000000000925570005000000000019437
00100003000000000000000031650000000002597130005000000000054540
00600003000000000000000013900000000000408820005000000000008585
00100003000000000000000031660000000001687440005000000000035436
00600003000000000000000013910000000000731560005000000000015363
00600003000000000000000013920000000008116450005000000000170446
00600003000000000000000013930000000001305980005000000000027425
00100003000000000000000031670000000000708200005000000000014872
00600004000000000000000041190000000000239660005000000000005033
00600004000000000000000041200000000001710650005000000000035924
00600004000000000000000041210000000000260320005000000000005467
00600003000000000000000013940000000000420860005000000000008839
00100003000000000000000031680000000001904030005000000000039985
00100003000000000000000031690000000001948690005000000000040923
00100003000000000000000031700000000002914680005000000000061208
00100004000000000000000003430000000000681780005000000000014317
00100003000000000000000031710000000001094590005000000000022986
00100003000000000000000031720000000003922620005000000000082375
00100003000000000000000031730000000002700790005000000000056716
00600004000000000000000041220000000005285650005000000000110999
00600004000000000000000041230000000002727120005000000000057270
00600004000000000000000041240000000000318160005000000000006681
00600003000000000000000013950000000000604740005000000000012700
00100003000000000000000031740000000008716940005000000000183056
00100003000000000000000031750000000010030000005000000000210629
00100003000000000000000031760000000018078700005000000000379650
00100003000000000000000031770000000000696780005000000000014632
00300003000000000000000003360000000002293520005000000000048164
00100003000000000000000031780000000002132590005000000000044784
00600004000000000000000041250000000002803150005000000000058866
00600004000000000000000041260000000000483440005000000000010152
00600004000000000000000041270000000002851080005000000000059873
00600004000000000000000041280000000000247920005000000000005206
00600004000000000000000041290000000001962700005000000000041217
00100003000000000000000031790000000001174210005000000000024658
00100003000000000000000031800000000009226070005000000000193747
00100003000000000000000031810000000003472800005000000000072929
00600003000000000000000013960000000000887250005000000000018632
00100003000000000000000031820000000000314930005000000000006613
00100004000000000000000003440000000000223130005000000000004686
00600004000000000000000041300000000000272710005000000000005727
00600004000000000000000041310000000000466920005000000000009805
00600004000000000000000041320000000000123960005000000000002603
00100003000000000000000031830000000001720450005000000000036129
00600003000000000000000013970000000003350250005000000000070355
00600003000000000000000013980000000000890400005000000000018699
00100003000000000000000031840000000012702700005000000000266755
00100003000000000000000031850000000005250040005000000000110251
00100003000000000000000031860000000024997100005000000000524939
00300003000000000000000003370000000000252560005000000000005304
00600003000000000000000013990000000001629360005000000000034217
00600004000000000000000041330000000000190070005000000000003991
00600004000000000000000041340000000000578480005000000000012148
00600004000000000000000041350000000000760290005000000000015966
00600004000000000000000041360000000000537160005000000000011280
00600004000000000000000041370000000000247920005000000000005206
00600004000000000000000041380000000000603270005000000000012669
00100004000000000000000003450000000000181810005000000000003818
00100004000000000000000003460000000000214860005000000000004512
00100003000000000000000031870000000005634530005000000000118325
00600004000000000000000041390000000000404940005000000000008504
00100004000000000000000003470000000001033000005000000000021693
00600004000000000000000041400000000000495840005000000000010413
00100004000000000000000003480000000001156960005000000000024296
00100004000000000000000003490000000000909040005000000000019090
00100004000000000000000003500000000000380140005000000000007983
00100003000000000000000031880000000007559200005000000000158742
00100004000000000000000003510000000000785080005000000000016487
00600004000000000000000041410000000000801610005000000000016834
00600003000000000000000014000000000000845050005000000000017747
00800003000000000000000002030000000000887250005000000000018632
00100003000000000000000031890000000000964160005000000000020247
00600003000000000000000014010000000002471090005000000000051893
00600003000000000000000014020000000000266010005000000000005587
00100003000000000000000031900000000003159690005000000000066353
00100003000000000000000031910000000000080190005000000000001684
00600004000000000000000041420000000000280980005000000000005901
00600004000000000000000041430000000000495840005000000000010413
00600004000000000000000041440000000000322300005000000000006768
00600004000000000000000041450000000002661010005000000000055881
00600004000000000000000041460000000000181810005000000000003818
00600004000000000000000041470000000000561950005000000000011801
00600004000000000000000041480000000000165280005000000000003471
00600004000000000000000041490000000002032940005000000000042692
00600003000000000000000014030000000004233230005000000000088898
00600004000000000000000041500000000000322300005000000000006768
00600004000000000000000041510000000001272660005000000000026726
00600004000000000000000041520000000000338820005000000000007115
00100003000000000000000031920000000002486210005000000000052209
00100004000000000000000003520000000000909040005000000000019090
00100003000000000000000031930000000001077170005000000000022621
00100003000000000000000031940000000006840420005000000000143649
00100003000000000000000031950000000003582300005000000000075228
00100003000000000000000031960000000000997960005000000000020958
00300003000000000000000003380000000000759140005000000000015942
00600004000000000000000041530000000000561950005000000000011801
00600004000000000000000041540000000002727120005000000000057270
00600004000000000000000041550000000000231390005000000000004859
00100003000000000000000031970000000007550700005000000000158564
00600004000000000000000041560000000001648670005000000000034622
00600004000000000000000041570000000001115640005000000000023428
00100003000000000000000031980000000007940130005000000000166742
00100003000000000000000031990000000005851260005000000000122876
00100003000000000000000032000000000000861280005000000000018087
00100003000000000000000032010000000001763350005000000000037031
00600004000000000000000041580000000000504100005000000000010586
00100003000000000000000032020000000003128720005000000000065703
00100003000000000000000032030000000001186080005000000000024908
00100003000000000000000032040000000002164500005000000000045454
00600003000000000000000014040000000003872310005000000000081317
00100003000000000000000032050000000005459850005000000000114657
00600004000000000000000041590000000000727230005000000000015272
00600004000000000000000041600000000000057850005000000000001215
00600004000000000000000041610000000000479310005000000000010066
00100003000000000000000032060000000000277820005000000000005834
00600004000000000000000041620000000000330560005000000000006942
00100003000000000000000032070000000003865810005000000000081182
00100003000000000000000032080000000003017280005000000000063362
00100003000000000000000032090000000003673530005000000000077144
00100003000000000000000032100000000007325040005000000000153826
00600003000000000000000014050000000003271720005000000000068707
00600004000000000000000041630000000000157020005000000000003297
00100003000000000000000032110000000005808830005000000000121986
00300003000000000000000003390000000005808830005000000000121985
00100003000000000000000032120000000002653610005000000000055726
00600004000000000000000041640000000000801610005000000000016834
00100003000000000000000032130000000001634310005000000000034322
00100003000000000000000032140000000000583710005000000000012258
00600004000000000000000041650000000001537100005000000000032279
00100003000000000000000032150000000000654070005000000000013735
00100003000000000000000032160000000003841800005000000000080678
00600003000000000000000014060000000000861670005000000000018095
00600004000000000000000041660000000002561840005000000000053799
00600004000000000000000041670000000006495500005000000000136406
00600004000000000000000041680000000000413200005000000000008677
00600004000000000000000041690000000003231220005000000000067856
00600004000000000000000041700000000001859400005000000000039047
00600004000000000000000041710000000001115640005000000000023428
00100003000000000000000032170000000005074410005000000000106563
00300003000000000000000003400000000000202720005000000000004257
00600004000000000000000041720000000001983360005000000000041651
00600004000000000000000041730000000000785080005000000000016487
00300003000000000000000003410000000024069400005000000000505458
00300003000000000000000003420000000014136900005000000000296876
00300003000000000000000003430000000015597000005000000000327537
00800004000000000000000000280000000002727120005000000000057270
00800004000000000000000000290000000007024400005000000000147512
00800004000000000000000000300000000006495500005000000000136406
